Dim:        72     1024
Siz:        16        128       1024      8192    73728
Rng:        16        128       1024      8192      inf
0:         4          0          0         0        0
1:        12        611          0         0        0
2:       896      18073      76260         0        0
3:     36924    1026974    5128708     70868   348003
4:   2135164   32012811   63127354   9827573  6361060
5:  10375990   68793609   68499133   3946044   314444
6:    137823     159604      73676         0        0
7:       883          0          0         0        0
Dim:        72  1024[0m
Siz:        16        256       1024     16384    73728
Rng:        16        256       1024     16384      inf
0:         4          0          0         0        0
1:        12       1763          0         0        0
2:       896      56370      15435         0        0
3:     36924    3352297    1125049    199077    96914
4:   2135164   90865806   13679031  23786677  1347620
5:  10375990  178290859   16629019   8913544        0
6:    137823     383392      28832         0        0
7:       883          0          0         0        0
Dim:        72  1024[0m
Siz:         8         64       1024     16384    73728
Rng:         8         64       1024     16384      inf
0:         0         52          0         0        0
1:         0        233       4710         0        0
2:       257       6274     159202         0        0
3:     10595     326492   11184623    199077    96914
4:    641290   13207846  182971777  23786677  1347620
5:   3380034   38308574  216563292   8913544        0
6:     52928     141741     229362         0        0
7:       387          0          0         0        0
